Ft = 2.692172590574709e-11
mu = 5.384345181149417e-06
Aire_reelle_finale = 0.09173333333333335