Ft = 6.299524638210928e-11
mu = 6.2995246382109275e-06
Aire_reelle_finale = 0.1656888888888889