Ft = 5.572362540638222e-11
mu = 6.191513934042468e-06
Aire_reelle_finale = 0.15093333333333336