Ft = 1.7823608870693054e-10
mu = 5.941202956897685e-06
Aire_reelle_finale = 0.48248888888888897