Ft = 3.092419502846322e-10
mu = 3.4360216698292465e-06
Aire_reelle_finale = 0.9539555555555558