Ft = 1.3657801593571655e-11
mu = 4.552600531190552e-06
Aire_reelle_finale = 0.06044444444444445