Ft = 2.8764941007502794e-12
mu = 2.8764941007502794e-06
Aire_reelle_finale = 0.026311111111111115