Ft = 2.953256519357256e-10
mu = 4.21893788479608e-06
Aire_reelle_finale = 0.8316444444444446