Ft = 2.7851789478504933e-10
mu = 4.641964913084155e-06
Aire_reelle_finale = 0.7610666666666668