Ft = 4.117786753361323e-11
mu = 5.882552504801889e-06
Aire_reelle_finale = 0.1210666666666667