Ft = 1.2842841787854538e-10
mu = 6.4214208939272685e-06
Aire_reelle_finale = 0.3322666666666667