Ft = 4.843916437199567e-11
mu = 6.054895546499459e-06
Aire_reelle_finale = 0.13582222222222226