Ft = 3.0510277401856775e-10
mu = 3.8137846752320966e-06
Aire_reelle_finale = 0.8958222222222224