Ft = 2.5372260105849963e-10
mu = 5.0744520211699925e-06
Aire_reelle_finale = 0.6817777777777779