Ft = 2.2035138692168965e-10
mu = 5.508784673042241e-06
Aire_reelle_finale = 0.5918222222222224