Ft = 3.397524021473658e-11
mu = 5.66254003578943e-06
Aire_reelle_finale = 0.1057777777777778