Ft = 7.7894332510933e-12
mu = 3.89471662554665e-06
Aire_reelle_finale = 0.04355555555555556