Ft = 3.0988674398697887e-10
mu = 3.0988674398697887e-10
Aire_reelle_finale = 1.0000000000000002