Ft = 3.102557018010364e-10
mu = 3.102557018010364e-10
Aire_reelle_finale = 1.0000000000000002