Ft = 2.363435912172522e-10
mu = 2.3634359121725217e-05
Aire_reelle_finale = 0.02605