Ft = 3.4061236354529893e-09
mu = 3.406123635452989e-05
Aire_reelle_finale = 0.2013