Ft = -6.967819193803954e-10
mu = -6.967819193803954e-10
Aire_reelle_finale = 1.0