Ft = 1.0316847025584318e-10
mu = 1.0316847025584316e-05
Aire_reelle_finale = 0.5584