Ft = 1.1050650997806839e-09
mu = 5.525325498903419e-05
Aire_reelle_finale = 0.05645