Ft = 6.587063440410544e-10
mu = 3.293531720205272e-05
Aire_reelle_finale = 0.0402