Ft = 3.098861621012432e-10
mu = 3.098861621012432e-10
Aire_reelle_finale = 1.0000000000000002