Ft = 5.494606017094627e-10
mu = 2.7473030085473134e-05
Aire_reelle_finale = 0.0509