Ft = 1.287074467435736e-10
mu = 2.145124112392893e-05
Aire_reelle_finale = 0.0161