Ft = 2.298642101553549e-09
mu = 3.2837744307907846e-05
Aire_reelle_finale = 0.155425