Ft = 8.764842005392715e-10
mu = 2.9216140017975715e-05
Aire_reelle_finale = 0.07390000000000001