Ft = 1.5606524354733663e-10
mu = 2.2295034792476662e-05
Aire_reelle_finale = 0.01845