Ft = 7.569652603650885e-11
mu = 1.8924131509127214e-05
Aire_reelle_finale = 0.011075