Ft = 2.669433090962252e-09
mu = 3.336791363702815e-05
Aire_reelle_finale = 0.173925