Ft = 3.0424123724747565e-09
mu = 3.380458191638618e-05
Aire_reelle_finale = 0.19240000000000002