Ft = 1.3556188670971487e-11
mu = 1.3556188670971487e-05
Aire_reelle_finale = 0.003375