Ft = 1.5722610439343297e-09
mu = 3.144522087868659e-05
Aire_reelle_finale = 0.1155