Ft = 1.215887190846959e-09
mu = 3.0397179771173974e-05
Aire_reelle_finale = 0.09557500000000001