Ft = 2.4406197433534186e-10
mu = 2.4406197433534185e-05
Aire_reelle_finale = 0.026875