Ft = 5.151587704138715e-11
mu = 1.7171959013795716e-05
Aire_reelle_finale = 0.008075