Ft = 3.282773726655059e-11
mu = 1.6413868633275294e-05
Aire_reelle_finale = 0.0057