Ft = 2.1501982989918466e-10
mu = 2.389109221102052e-05
Aire_reelle_finale = 0.023925000000000002