Ft = 1.8552124348930186e-10
mu = 2.3190155436162734e-05
Aire_reelle_finale = 0.02125