Ft = 1.0270416866669617e-10
mu = 2.0540833733339234e-05
Aire_reelle_finale = 0.013675000000000001