Ft = 1.936126198002164e-09
mu = 3.226876996670273e-05
Aire_reelle_finale = 0.136625