Ft = 2.2986421015535487e-09
mu = 3.283774430790784e-05
Aire_reelle_finale = 0.155425