Ft = 7.569652601466123e-11
mu = 1.8924131503665308e-05
Aire_reelle_finale = 0.011075