Ft = 5.494606017070058e-10
mu = 2.7473030085350287e-05
Aire_reelle_finale = 0.0509