Ft = 5.151587701326256e-11
mu = 1.7171959004420853e-05
Aire_reelle_finale = 0.008075