Ft = 2.6694330909622533e-09
mu = 3.336791363702816e-05
Aire_reelle_finale = 0.173925