Ft = 3.282773724858982e-11
mu = 1.641386862429491e-05
Aire_reelle_finale = 0.0057