Ft = 8.764842005386062e-10
mu = 2.921614001795354e-05
Aire_reelle_finale = 0.07390000000000001