Ft = 2.1501982988803352e-10
mu = 2.3891092209781503e-05
Aire_reelle_finale = 0.023925000000000002