Ft = 1.2870744671891379e-10
mu = 2.1451241119818964e-05
Aire_reelle_finale = 0.0161