Ft = 1.0270416864500859e-10
mu = 2.0540833729001717e-05
Aire_reelle_finale = 0.013675000000000001