Ft = 2.440619743261146e-10
mu = 2.4406197432611458e-05
Aire_reelle_finale = 0.026875