Ft = 1.2158871908469162e-09
mu = 3.0397179771172904e-05
Aire_reelle_finale = 0.09557500000000001