Ft = 1.3556188648968922e-11
mu = 1.3556188648968924e-05
Aire_reelle_finale = 0.003375