Ft = 1.5606524352648183e-10
mu = 2.2295034789497406e-05
Aire_reelle_finale = 0.01845