Ft = 1.936126198002162e-09
mu = 3.22687699667027e-05
Aire_reelle_finale = 0.136625