Ft = 1.855212434742824e-10
mu = 2.3190155434285302e-05
Aire_reelle_finale = 0.02125