Ft = 2.8130843033079648e-12
mu = 2.8130843033079643e-07
Aire_reelle_finale = 1.0