Ft = 3.8337451383178735e-12
mu = 3.8337451383178734e-07
Aire_reelle_finale = 1.0