Ft = 3.298523817564519e-12
mu = 3.2985238175645184e-07
Aire_reelle_finale = 1.0