Ft = 3.786919313406902e-12
mu = 3.786919313406902e-07
Aire_reelle_finale = 1.0