Ft = 3.843504766293847e-12
mu = 3.8435047662938466e-07
Aire_reelle_finale = 1.0