Ft = 3.3992119237754636e-12
mu = 3.3992119237754633e-07
Aire_reelle_finale = 1.0