Ft = 3.808687979922722e-12
mu = 3.808687979922722e-07
Aire_reelle_finale = 1.0