Ft = 4.852433078692928e-10
mu = 4.852433078692927e-05
Aire_reelle_finale = 0.029925