Ft = 3.070748579242324e-12
mu = 3.070748579242324e-07
Aire_reelle_finale = 1.0