Ft = 3.5707603493564125e-12
mu = 3.570760349356412e-07
Aire_reelle_finale = 1.0