Ft = 3.8150916319077956e-12
mu = 3.815091631907795e-07
Aire_reelle_finale = 1.0