Ft = 3.839251628813304e-12
mu = 3.8392516288133037e-07
Aire_reelle_finale = 1.0