Ft = 2.1918503725670724e-12
mu = 2.1918503725670722e-07
Aire_reelle_finale = 1.0