Ft = 3.4901300654623234e-12
mu = 3.490130065462323e-07
Aire_reelle_finale = 1.0