Ft = 3.845081490028065e-12
mu = 3.8450814900280643e-07
Aire_reelle_finale = 1.0