Ft = 3.7487107657111185e-12
mu = 3.748710765711118e-07
Aire_reelle_finale = 1.0