Ft = 7.427619478291522e-11
mu = 7.427619478291521e-06
Aire_reelle_finale = 0.0855