Ft = 3.826837260484246e-12
mu = 3.826837260484246e-07
Aire_reelle_finale = 1.0