Ft = 1.7237418055845321e-12
mu = 1.7237418055845319e-07
Aire_reelle_finale = 1.0