Ft = 3.188762345493294e-12
mu = 3.1887623454932935e-07
Aire_reelle_finale = 1.0