Ft = 3.78566417073643e-12
mu = 3.78566417073643e-07
Aire_reelle_finale = 1.0