Ft = 1.3815787983257148e-09
mu = 2.7631575966514297e-05
Aire_reelle_finale = 0.08407500000000001