Ft = 3.640783285237695e-12
mu = 3.640783285237695e-07
Aire_reelle_finale = 1.0