Ft = 9.528728768702198e-13
mu = 9.528728768702197e-08
Aire_reelle_finale = 1.0