Ft = 1.9834685535264113e-12
mu = 1.9834685535264112e-07
Aire_reelle_finale = 1.0