Ft = 1.3869981823152907e-12
mu = 1.3869981823152906e-07
Aire_reelle_finale = 1.0