Ft = 2.3688081874504447e-12
mu = 2.3688081874504445e-07
Aire_reelle_finale = 1.0