Ft = 2.5271561418788923e-12
mu = 2.527156141878892e-07
Aire_reelle_finale = 1.0