Ft = 2.6740970849085918e-12
mu = 2.674097084908592e-07
Aire_reelle_finale = 1.0