Ft = 3.700077880607588e-12
mu = 3.7000778806075877e-07
Aire_reelle_finale = 1.0