Ft = 1.3986983707850274e-09
mu = 1.3986983707850274e-05
Aire_reelle_finale = 0.6052000000000001