Ft = 3.199391373381419e-14
mu = 3.199391373381419e-09
Aire_reelle_finale = 1.0