Ft = 2.945313926714729e-12
mu = 2.9453139267147287e-07
Aire_reelle_finale = 1.0