Ft = 4.441913178888186e-13
mu = 4.4419131788881853e-08
Aire_reelle_finale = 1.0