Ft = 2.009988775361206e-11
mu = 5.0249719384030155e-06
Aire_reelle_finale = 0.07591111111111112