Ft = 1.284284179043928e-10
mu = 6.42142089521964e-06
Aire_reelle_finale = 0.3322666666666667