Ft = 2.7851789479176205e-10
mu = 4.641964913196034e-06
Aire_reelle_finale = 0.7610666666666668