Ft = 3.092419502614826e-10
mu = 3.436021669572029e-06
Aire_reelle_finale = 0.9539555555555558