Ft = 4.1177867541010193e-11
mu = 5.882552505858599e-06
Aire_reelle_finale = 0.1210666666666667