Ft = 5.5723625407775157e-11
mu = 6.191513934197239e-06
Aire_reelle_finale = 0.15093333333333336