Ft = 6.299524638486939e-11
mu = 6.299524638486938e-06
Aire_reelle_finale = 0.1656888888888889