Ft = 7.789433247871589e-12
mu = 3.894716623935794e-06
Aire_reelle_finale = 0.04355555555555556