Ft = 3.397524021506141e-11
mu = 5.662540035843568e-06
Aire_reelle_finale = 0.1057777777777778