Ft = 1.782360887071568e-10
mu = 5.941202956905227e-06
Aire_reelle_finale = 0.48248888888888897