Ft = 1.3657801588303746e-11
mu = 4.552600529434582e-06
Aire_reelle_finale = 0.06044444444444445