Ft = 2.5372260102751164e-10
mu = 5.074452020550233e-06
Aire_reelle_finale = 0.6817777777777779