Ft = 2.953256519258862e-10
mu = 4.218937884655518e-06
Aire_reelle_finale = 0.8316444444444446