Ft = 2.8764941005390232e-12
mu = 2.8764941005390235e-06
Aire_reelle_finale = 0.026311111111111115