Ft = 3.0510277401954206e-10
mu = 3.8137846752442756e-06
Aire_reelle_finale = 0.8958222222222224