Ft = 2.2035138691536797e-10
mu = 5.508784672884199e-06
Aire_reelle_finale = 0.5918222222222224