Ft = 4.8439164362605606e-11
mu = 6.054895545325701e-06
Aire_reelle_finale = 0.13582222222222226