Ft = 2.692172589735159e-11
mu = 5.3843451794703175e-06
Aire_reelle_finale = 0.09173333333333335