Ft = 2.3645590846942676e-11
mu = 1.1822795423471338e-05
Aire_reelle_finale = 0.1136