Ft = 1.3615095389515091e-10
mu = 2.269182564919182e-06
Aire_reelle_finale = 1.0