Ft = 1.361509538951482e-10
mu = 2.723019077902964e-06
Aire_reelle_finale = 1.0