Ft = 1.0316847259292765e-10
mu = 1.0316847259292765e-05
Aire_reelle_finale = 0.5584