Ft = 6.990162040557295e-11
mu = 1.1650270067595491e-05
Aire_reelle_finale = 0.36960000000000004