Ft = 1.3615095389514885e-10
mu = 4.538365129838295e-06
Aire_reelle_finale = 1.0