Ft = 6.193168583856259e-21
mu = 6.193168583856259e-16
Aire_reelle_finale = 0.1056