Ft = 2.369562452522613e-11
mu = 2.369562452522613e-06
Aire_reelle_finale = 0.16