Ft = 1.3527781006451514e-10
mu = 6.763890503225756e-06
Aire_reelle_finale = 0.8992