Ft = 1.0221135862855118e-10
mu = 1.0221135862855116e-05
Aire_reelle_finale = 0.5671111111111112