Ft = 1.3615095389514791e-10
mu = 1.7018869236893487e-06
Aire_reelle_finale = 1.0