Ft = 3.734268452887167e-11
mu = 1.244756150962389e-05
Aire_reelle_finale = 0.17120000000000002