Ft = 5.976635388231734e-11
mu = 1.1953270776463467e-05
Aire_reelle_finale = 0.3184