Ft = 9.612333710132759e-11
mu = 1.0680370789036398e-05
Aire_reelle_finale = 0.5168