Ft = 1.0316847258686005e-10
mu = 1.0316847258686005e-05
Aire_reelle_finale = 0.5584