Ft = 4.9260167343884894e-11
mu = 1.2315041835971224e-05
Aire_reelle_finale = 0.25120000000000003