Ft = 1.3615095389515037e-10
mu = 1.945013627073577e-06
Aire_reelle_finale = 1.0