Ft = 7.946135945036213e-11
mu = 1.1351622778623161e-05
Aire_reelle_finale = 0.4224