Ft = 8.816688776292013e-11
mu = 1.1020860970365016e-05
Aire_reelle_finale = 0.46880000000000005