Ft = 1.3615095389515037e-10
mu = 3.403773847378759e-06
Aire_reelle_finale = 1.0