Ft = 1.0221135862403606e-10
mu = 1.0221135862403605e-05
Aire_reelle_finale = 0.5671111111111112