Ft = 1.0316847257919844e-10
mu = 1.0316847257919843e-05
Aire_reelle_finale = 0.5584