Ft = 7.407444293130898e-11
mu = 7.407444293130897e-06
Aire_reelle_finale = 0.2336