Ft = 4.242105076483014e-11
mu = 4.2421050764830135e-06
Aire_reelle_finale = 0.16