Ft = 9.966361650743051e-11
mu = 9.96636165074305e-06
Aire_reelle_finale = 0.18000000000000002