Ft = 1.361509538951505e-10
mu = 1.5127883766127831e-06
Aire_reelle_finale = 1.0