Ft = 1.0316847259265154e-10
mu = 1.0316847259265153e-05
Aire_reelle_finale = 0.5584