Ft = 9.853880529325497e-12
mu = 9.853880529325498e-06
Aire_reelle_finale = 0.054400000000000004